predictions,references
sttom,trouble
weefh,weed
storm,store
wormk,form
meef,knee
that is,jacket
tray,trade
stick,stick
wshetit in hmy mikes reat you ouft,well he is nearly ninety three years old
steek,fee
rafe,rave
buck,bug
trigt,trait
sip,share
spanch,range
treet,trace
tumb,stubble
thqwuic tumthlay edock,the quick brown fox jumps over the lazy dog
dicken,dagger
betat,beta
yet he sheettill ilinswifttly ever,yet he still thinks as swiftly as ever
shy,swore
i nt ream,i can read
i can't reap,i can read
golf,go
get beat,gadget
golf,grow
reac,rate
gable,double
darc,torn
bby euohanbnnic alth,but he always answers banana oil
bun,farm
day,jagged
bon,born
thrae,raid
mage,rage
hone,when when
,rain
start,car
,the
ely mamant,usually min min
efy mismeatesel by,usually minus several buttons
hem,hair
hunt,horn
fort,for
golf,glow
mumbee,bubble
gosh,corn
rake,race
feer,fair
tip,tip
up,alpha
train,train
lay,jagged
wark,form
tecknd,jacket
golf,go
geet,fee
tmb,stubble
fih,rage
air,hair
medouice  onlilives bight that,don't ask me to carry an oily rag like that
gliffthono a litnblay dug,the quick brown fox jumps over the lazy dog
lightdbekin,i can
street,trade
rik,rate
yetsheethhave llya is ever,yet he still thinks as swiftly as ever
drin,train
farm,farm
niw sro bun,usually minus several buttons
pace,race
rak,range
stress,share
blow,grow
tark,the
fork,for
st upthat bitter,tear up that paper
o,trouble
dgoolf,trace
rake,rave
swarm,swore
orm,store
barn,born
lip,tip
scare,car
fill,fair
that witch,gadget
halltig hembgin anat r ou,but he always answers banana oil
dable,double
bitter,beta
lof,glow
wshe is monyninte three years old,well he is nearly ninety three years old
lf,alpha
harm,horn
hum,horn
dit,torn
one,corn
teick,stick
lae,raid
weed,weed
kne,knee
dreat,trait
ring,rain
dable,bubble
bunk,bug
dig,dagger
booth,whoop
witch,wish
they lki me hos a on unlipdrittin,they carried me off on the stretcher
bgon,sprinkle
golf,though
sigh,tie
ak,back
dack,back
bitter,bear
bitter,bear
eer,near
heat,hate
file,pile
wicker,we're
weere,we're
weere,we're
cheer,steer
iwhie i wih gd t youa,i was conscious all the time
i woke d meatlusly fo al the time,i was conscious all the time
keep o siners nevr i am,she is thinner than i am
bad,pad
glipe,group
lip,snoop
slay,slay
speer,peer
ill,area
three,sway
gts go on on bibeach,we gathered shells on the beach
floorm,explore
kialos,galore
roat,root
lock,gnaw
she will alow ore a laly life,he will allow a rare lie
she will alow liiare lie,he will allow a rare lie
bak,briar
lfiilef,briar
tone viehe got aweary,just one side got wet
while you are  wafully items,why yell or worry over silly items
byftimesitingarm the os,bright sunshine shimmers on the ocean
willwhereyou ond we wee well,where were you while we were away
we alovn way  oli,will robin wear a yellow lily
witch,white
boot,delta
manew,menu
em,error
likte,light
yes,hear
sheer,here
anydit one we are swtg by the jipsin,everything went real smooth the sheriff said
fill,prior
iav slumed this arm fritulingly,i scrubbed the floors thoroughly
bi,pay
all the big big boxlanes kit troo,all the big baseball players get traded
mut,mut
rigan,urgent
ergeant,urgent
houste,of
i flhiebray dit wek end,i feel i can play this weekend
tymay earn more mony by wa what we warleu arme,jane may earn more money by working hard
luck,rocks
lock,rocks
locks,rocks
li,play
sigolf,cycle
doing a othe both sloghtly,the train approached the depot slowly
shoip,troop
tdowngreete in wite,their house is grey and white
luipe,loop
tungo,jungle
geer,deer
sher,shear
i litopandowar man,i looked up and noticed two old men
boot,fruit
cheer,fear
goose,droop
ever es aebactim thethursday agin,nothing is as offensive as innocence
iris,innocence
nona a pinteve a aabing ais,nothing is as offensive as innocence
they nolf,single
slic,select
dad,dot
sie in yourbres,this was easy for us
b,mere
yull a youtwoobeamss are on the odd yum,you're used to being on the field
groope,coupe
but,pot
slip,sleep
two,toot
th shinaneers  arai li welmethers,the humidity is overwhelming there
tee,fate
chely,charlie
sigh,thigh
itle,tile
ige,tile
thorn,forward
galnlyat bunc copura,the islands are sparsely populated
geh,juliet
box,papa
barn,brawn
blow,loyal
it wo wy woar a tinon foyour arms,it was a good win for us
sitting,kitten
she we onelone herrang,she wore warm fleecy woolen overalls
bittingea,pitting
bitting,pitting
dre outum abov,there is a treehouse up above
bent,vat
bot hing oing ur worctthat's itiig laice,both injuries were to the same leg
ay,jagged
worm,form
tecka,jacket
golf,go
beat,fee
tumbo,stubble
fich,rage
hem,hair
a ai kan,i can
straight,trade
rake,rate
drink,train
farm,farm
iy slo bunch,usually minus several buttons
pace,race
rink,range
djrest,share
blow,grow
sok,the
forth,for
std uphn the batbitte,tear up that paper
trap,trouble
triftt,trace
rake,rave
swarkh,swore
torm,store
barn,born
dip,tip
scark,car
till,fair
get gitch,gadget
bu ha hambinit morels,but he always answers banana oil
dable,double
bitter,beta
low,glow
wshe is reilling nigct three years old,well he is nearly ninety three years old
elf,alpha
pork,horn
thorn,horn
tork,torn
one,corn
ticker,stick
lade,raid
weed,weed
neef,knee
treet,trait
rain,rain
deable,bubble
burk,bug
digs,dagger
morf,whoop
witch,wish
the liks can be a yoa on an an unldrecture,they carried me off on the stretcher
ion,sprinkle
tholf,though
igh,tie
buck,back
back,back
bit,bear
bill,bear
eer,near
hit,hate
bile,pile
were,we're
wicke,we're
weerle,we're
cheer,steer
i t woe what wited deama that thiy died,i was conscious all the time
i woked tgamenly all the time,i was conscious all the time
keop wat with tinersin the iaum,she is thinner than i am
bad,pad
glip,group
stuip,snoop
slay,slay
peit,peer
i,area
three,sway
iwe can get a chopt un on the bikbeach,we gathered shells on the beach
floor,explore
zu,galore
foit,root
klock,gnaw
she will alowintheak liev i rid,he will allow a rare lie
he willl alow irare lie,he will allow a rare lie
bill,briar
bbet,briar
theone  siged  got awealy,just one side got wet
whit you arem  or woy am alg fully items,why yell or worry over silly items
byiingontal,bright sunshine shimmers on the ocean
wi aloven way a litty,will robin wear a yellow lily
witc,white
bit,delta
mannew,menu
el,error
light,light
es,hear
sher,here
evibrt one we'l are smue bythe jib said,everything went real smooth the sheriff said
file,prior
i sqlepped the formttlingly,i scrubbed the floors thoroughly
bitl,pay
alltha bigickbolate an res,all the big baseball players get traded
mut,mut
regen,urgent
ergeant,urgent
houte,of
i fhigebrake bit wekend,i feel i can play this weekend
thmake erymore money by holwhat w wal weu are,jane may earn more money by working hard
luck,rocks
lack,rocks
luck,rocks
lay,play
golf,cycle
the dwing a boatththe divoced floly,the train approached the depot slowly
choop,troop
thhouse git in wihte,their house is grey and white
lipe,loop
tungo,jungle
git,deer
sheer,shear
i lkd theasnigno ito oa ma,i looked up and noticed two old men
food,fruit
feer,fear
goope,droop
iran,innocence
nothing inpented ere as tha egans,nothing is as offensive as innocence
si,single
slip,select
dat,dot
bevaseu brohh,this was easy for us
bit,mere
yu'll ous you twoobeams ar ontha untemfald,you're used to being on the field
coope,coupe
but,pot
slip,sleep
twot,toot
th shimany iwaysit over wealpb me thes,the humidity is overwhelming there
fit,fate
chi,charlie
sigh,thigh
itl,tile
igh,tile
thon,forward
one twthreest ups,juliet
yes,papa
ox,brawn
barn,brawn
lial,loyal
it wasy wase what win for ur armses,it was a good win for us
sitting,kitten
she well ormerong,she wore warm fleecy woolen overalls
itgbitting,pitting
bitting,pitting
thdre out above,there is a treehouse up above
thatwo,vat
